2500 1 5e-05
5e-05 0
0.00015 0
0.00025 0
0.00035 0
0.00045 1.11268e-06
0.00055 0
0.00065 0
0.00075 0
0.00085 0
0.00095 0
0.00105 0
0.00115 1.11268e-06
0.00125 0
0.00135 0
0.00145 0
0.00155 0
0.00165 0
0.00175 0
0.00185 0
0.00195 0
0.00205 0
0.00215 1.11268e-06
0.00225 0
0.00235 0
0.00245 0
0.00255 0
0.00265 0
0.00275 0
0.00285 0
0.00295 0
0.00305 0
0.00315 0
0.00325 0
0.00335 1.11268e-06
0.00345 0
0.00355 0
0.00365 0
0.00375 0
0.00385 0
0.00395 0
0.00405 0
0.00415 0
0.00425 0
0.00435 0
0.00445 0
0.00455 0
0.00465 0
0.00475 0
0.00485 0
0.00495 1.11268e-06
0.00505 0
0.00515 0
0.00525 0
0.00535 0
0.00545 0
0.00555 0
0.00565 0
0.00575 0
0.00585 0
0.00595 0
0.00605 0
0.00615 1.11268e-06
0.00625 1.11268e-06
0.00635 1.11268e-06
0.00645 0
0.00655 1.11268e-06
0.00665 1.11268e-06
0.00675 0
0.00685 0
0.00695 0
0.00705 1.11268e-06
0.00715 0
0.00725 0
0.00735 0
0.00745 0
0.00755 0
0.00765 0
0.00775 0
0.00785 0
0.00795 0
0.00805 0
0.00815 0
0.00825 1.11268e-06
0.00835 0
0.00845 0
0.00855 0
0.00865 0
0.00875 0
0.00885 0
0.00895 0
0.00905 0
0.00915 0
0.00925 0
0.00935 0
0.00945 0
0.00955 0
0.00965 0
0.00975 1.11268e-06
0.00985 0
0.00995 0
0.01005 0
0.01015 1.11268e-06
0.01025 0
0.01035 0
0.01045 0
0.01055 0
0.01065 0
0.01075 0
0.01085 0
0.01095 0
0.01105 1.11268e-06
0.01115 0
0.01125 1.11268e-06
0.01135 0
0.01145 0
0.01155 1.11268e-06
0.01165 0
0.01175 0
0.01185 0
0.01195 0
0.01205 0
0.01215 0
0.01225 0
0.01235 0
0.01245 0
0.01255 0
0.01265 0
0.01275 0
0.01285 0
0.01295 0
0.01305 1.11268e-06
0.01315 0
0.01325 0
0.01335 0
0.01345 0
0.01355 1.11268e-06
0.01365 0
0.01375 0
0.01385 0
0.01395 0
0.01405 0
0.01415 1.11268e-06
0.01425 0
0.01435 1.11268e-06
0.01445 0
0.01455 1.11268e-06
0.01465 1.11268e-06
0.01475 0
0.01485 0
0.01495 0
0.01505 0
0.01515 0
0.01525 0
0.01535 1.11268e-06
0.01545 0
0.01555 0
0.01565 0
0.01575 2.22536e-06
0.01585 0
0.01595 0
0.01605 1.11268e-06
0.01615 1.11268e-06
0.01625 0
0.01635 1.11268e-06
0.01645 1.11268e-06
0.01655 0
0.01665 0
0.01675 0
0.01685 1.11268e-06
0.01695 0
0.01705 1.11268e-06
0.01715 2.22536e-06
0.01725 0
0.01735 0
0.01745 1.11268e-06
0.01755 0
0.01765 0
0.01775 0
0.01785 0
0.01795 1.11268e-06
0.01805 0
0.01815 3.33804e-06
0.01825 1.11268e-06
0.01835 2.22536e-06
0.01845 1.11268e-06
0.01855 1.11268e-06
0.01865 1.11268e-06
0.01875 1.11268e-06
0.01885 3.33804e-06
0.01895 0
0.01905 4.45072e-06
0.01915 0
0.01925 0
0.01935 1.11268e-06
0.01945 2.22536e-06
0.01955 4.45072e-06
0.01965 1.11268e-06
0.01975 4.45072e-06
0.01985 6.67609e-06
0.01995 5.56341e-06
0.02005 5.56341e-06
0.02015 6.67609e-06
0.02025 5.56341e-06
0.02035 8.90145e-06
0.02045 6.67609e-06
0.02055 7.78877e-06
0.02065 1.22395e-05
0.02075 7.78877e-06
0.02085 7.78877e-06
0.02095 8.90145e-06
0.02105 1.66902e-05
0.02115 1.22395e-05
0.02125 1.66902e-05
0.02135 1.89156e-05
0.02145 1.55775e-05
0.02155 2.33663e-05
0.02165 2.67043e-05
0.02175 2.67043e-05
0.02185 2.55917e-05
0.02195 3.67185e-05
0.02205 3.89438e-05
0.02215 4.8958e-05
0.02225 4.78453e-05
0.02235 6.11975e-05
0.02245 5.56341e-05
0.02255 5.67467e-05
0.02265 5.56341e-05
0.02275 6.67609e-05
0.02285 8.12257e-05
0.02295 8.12257e-05
0.02305 8.56765e-05
0.02315 9.56906e-05
0.02325 0.000102367
0.02335 7.90004e-05
0.02345 9.68033e-05
0.02355 0.000119057
0.02365 0.000105705
0.02375 0.000129071
0.02385 0.000163564
0.02395 0.000139085
0.02405 0.000289297
0.02415 0.000280396
0.02425 0.000279283
0.02435 0.000320452
0.02445 0.00032379
0.02455 0.000320452
0.02465 0.000321565
0.02475 0.000374974
0.02485 0.000357171
0.02495 0.000403903
0.02505 0.000396115
0.02515 0.00038165
0.02525 0.000379424
0.02535 0.00041503
0.02545 0.00042727
0.02555 0.0003861
0.02565 0.000412805
0.02575 0.000425044
0.02585 0.000488467
0.02595 0.000463988
0.02605 0.000496256
0.02615 0.000500707
0.02625 0.000447298
0.02635 0.000529636
0.02645 0.000504045
0.02655 0.000540763
0.02665 0.000470664
0.02675 0.000505157
0.02685 0.000564129
0.02695 0.000593059
0.02705 0.000563017
0.02715 0.000589721
0.02725 0.000598623
0.02735 0.000642017
0.02745 0.0006142
0.02755 0.000607524
0.02765 0.000648693
0.02775 0.000618651
0.02785 0.000654257
0.02795 0.00064758
0.02805 0.000657595
0.02815 0.000650919
0.02825 0.000699876
0.02835 0.000723243
0.02845 0.000753285
0.02855 0.000742158
0.02865 0.000741046
0.02875 0.000748834
0.02885 0.000715454
0.02895 0.000805581
0.02905 0.000781102
0.02915 0.000781102
0.02925 0.000854539
0.02935 0.000805581
0.02945 0.00081337
0.02955 0.000807807
0.02965 0.000798905
0.02975 0.00084675
0.02985 0.000847863
0.02995 0.000882356
0.03005 0.000873455
0.03015 0.000906835
0.03025 0.000893483
0.03035 0.00093799
0.03045 0.000973596
0.03055 0.000926863
0.03065 0.000963582
0.03075 0.000992512
0.03085 0.000980272
0.03095 0.000960244
0.03105 0.000956906
0.03115 0.00106039
0.03125 0.000951342
0.03135 0.00098361
0.03145 0.00104147
0.03155 0.00105037
0.03165 0.00103479
0.03175 0.00112158
0.03185 0.00107819
0.03195 0.00110267
0.03205 0.00109933
0.03215 0.00111602
0.03225 0.00117165
0.03235 0.00117054
0.03245 0.00114272
0.03255 0.00111157
0.03265 0.00116498
0.03275 0.00122061
0.03285 0.00119502
0.03295 0.00115274
0.03305 0.00122395
0.03315 0.00119057
0.03325 0.00123174
0.03335 0.00120948
0.03345 0.00122729
0.03355 0.00119947
0.03365 0.0012373
0.03375 0.0012373
0.03385 0.00124843
0.03395 0.00131519
0.03405 0.00130851
0.03415 0.0012462
0.03425 0.0012551
0.03435 0.00131519
0.03445 0.0012462
0.03455 0.0012807
0.03465 0.00128181
0.03475 0.00122395
0.03485 0.00128515
0.03495 0.00130184
0.03505 0.00144426
0.03515 0.00135636
0.03525 0.00140198
0.03535 0.00137639
0.03545 0.00133299
0.03555 0.00144982
0.03565 0.00142868
0.03575 0.00143202
0.03585 0.00146763
0.03595 0.00144537
0.03605 0.0014565
0.03615 0.0014476
0.03625 0.00145873
0.03635 0.00149322
0.03645 0.00142646
0.03655 0.00151547
0.03665 0.00147653
0.03675 0.00149544
0.03685 0.00145873
0.03695 0.00150435
0.03705 0.0014565
0.03715 0.00146318
0.03725 0.00146651
0.03735 0.00153995
0.03745 0.00148432
0.03755 0.00153995
0.03765 0.00150101
0.03775 0.00161228
0.03785 0.0015355
0.03795 0.00156554
0.03805 0.00156332
0.03815 0.00161561
0.03825 0.00150323
0.03835 0.00150768
0.03845 0.00151436
0.03855 0.00159447
0.03865 0.00152549
0.03875 0.00158446
0.03885 0.00164788
0.03895 0.00159336
0.03905 0.00160226
0.03915 0.00160671
0.03925 0.00163342
0.03935 0.00159781
0.03945 0.0016412
0.03955 0.00166235
0.03965 0.00167125
0.03975 0.00159002
0.03985 0.0016757
0.03995 0.0016056
0.04005 0.00162118
0.04015 0.00162563
0.04025 0.00161005
0.04035 0.00179809
0.04045 0.00173356
0.04055 0.00162006
0.04065 0.00167459
0.04075 0.00160337
0.04085 0.00172577
0.04095 0.00165122
0.04105 0.00168015
0.04115 0.00178585
0.04125 0.00169016
0.04135 0.00172243
0.04145 0.00175247
0.04155 0.00168349
0.04165 0.0017024
0.04175 0.00175247
0.04185 0.00173801
0.04195 0.00176694
0.04205 0.00173133
0.04215 0.00169461
0.04225 0.00177918
0.04235 0.00175359
0.04245 0.00177028
0.04255 0.00183147
0.04265 0.00175915
0.04275 0.00178363
0.04285 0.00180032
0.04295 0.00179364
0.04305 0.00167904
0.04315 0.0018426
0.04325 0.00175915
0.04335 0.00170685
0.04345 0.00183481
0.04355 0.00174913
0.04365 0.00175915
0.04375 0.00179142
0.04385 0.00166568
0.04395 0.0017113
0.04405 0.00178808
0.04415 0.0018515
0.04425 0.00180811
0.04435 0.00179921
0.04445 0.00174691
0.04455 0.0017113
0.04465 0.0018426
0.04475 0.00176137
0.04485 0.0017814
0.04495 0.00187153
0.04505 0.00179587
0.04515 0.00179142
0.04525 0.00184149
0.04535 0.00178808
0.04545 0.00190825
0.04555 0.00174913
0.04565 0.00180477
0.04575 0.00184928
0.04585 0.00180811
0.04595 0.00177028
0.04605 0.00185706
0.04615 0.00179364
0.04625 0.00185039
0.04635 0.00186708
0.04645 0.00184371
0.04655 0.00191159
0.04665 0.00179809
0.04675 0.00174468
0.04685 0.0018159
0.04695 0.00194385
0.04705 0.00190491
0.04715 0.00188377
0.04725 0.00192271
0.04735 0.00196945
0.04745 0.00191381
0.04755 0.00192049
0.04765 0.00202953
0.04775 0.00206847
0.04785 0.00204177
0.04795 0.00205957
0.04805 0.00205735
0.04815 0.00202174
0.04825 0.0019917
0.04835 0.00194385
0.04845 0.00196166
0.04855 0.0020529
0.04865 0.00206291
0.04875 0.00201395
0.04885 0.00200394
0.04895 0.0019739
0.04905 0.00196945
0.04915 0.00203843
0.04925 0.00205512
0.04935 0.00188488
0.04945 0.00195387
0.04955 0.00194719
0.04965 0.00185818
0.04975 0.0020006
0.04985 0.00202174
0.04995 0.00195276
0.05005 0.00187264
0.05015 0.00189601
0.05025 0.00191492
0.05035 0.00190046
0.05045 0.00184483
0.05055 0.00180477
0.05065 0.00196166
0.05075 0.0019127
0.05085 0.00189378
0.05095 0.00187264
0.05105 0.00181367
0.05115 0.00183259
0.05125 0.00184928
0.05135 0.00186485
0.05145 0.00184483
0.05155 0.00187042
0.05165 0.00184594
0.05175 0.00178585
0.05185 0.00187487
0.05195 0.00190602
0.05205 0.00181812
0.05215 0.00181701
0.05225 0.00187376
0.05235 0.00180811
0.05245 0.00178029
0.05255 0.0017636
0.05265 0.00176137
0.05275 0.00179698
0.05285 0.00177473
0.05295 0.00177028
0.05305 0.00175359
0.05315 0.0016935
0.05325 0.00173133
0.05335 0.00175025
0.05345 0.00176916
0.05355 0.00175692
0.05365 0.00166791
0.05375 0.00169016
0.05385 0.00174135
0.05395 0.00171019
0.05405 0.00169016
0.05415 0.00167904
0.05425 0.00174468
0.05435 0.00166346
0.05445 0.00162674
0.05455 0.00160671
0.05465 0.00168237
0.05475 0.00168794
0.05485 0.00160671
0.05495 0.00163898
0.05505 0.0016846
0.05515 0.00162897
0.05525 0.0015878
0.05535 0.00162451
0.05545 0.00155998
0.05555 0.00165678
0.05565 0.00162897
0.05575 0.00166235
0.05585 0.00166346
0.05595 0.00155998
0.05605 0.00163008
0.05615 0.00159336
0.05625 0.00163675
0.05635 0.00156666
0.05645 0.00154663
0.05655 0.00162006
0.05665 0.00159447
0.05675 0.00147987
0.05685 0.00153439
0.05695 0.00158668
0.05705 0.00386545
0.05715 0.00373972
0.05725 0.003861
0.05735 0.00389884
0.05745 0.00383541
0.05755 0.00366962
0.05765 0.00372971
0.05775 0.00378534
0.05785 0.00374306
0.05795 0.00376643
0.05805 0.00536757
0.05815 0.00535645
0.05825 0.00541431
0.05835 0.00529859
0.05845 0.00534755
0.05855 0.0054577
0.05865 0.00541097
0.05875 0.00538649
0.05885 0.00543322
0.05895 0.00530526
0.05905 0.00119391
0.05915 0.00107708
0.05925 0.00115163
0.05935 0.00105037
0.05945 0.00118389
0.05955 0.00118167
0.05965 0.00111936
0.05975 0.00112937
0.05985 0.00111602
0.05995 0.00112826
0.06005 0.00107708
0.06015 0.00107374
0.06025 0.0011227
0.06035 0.00113271
0.06045 0.00110044
0.06055 0.00106484
0.06065 0.00110044
0.06075 0.00110601
0.06085 0.00107151
0.06095 0.00107485
0.06105 0.00100809
0.06115 0.00105705
0.06125 0.00104926
0.06135 0.00102144
0.06145 0.00109822
0.06155 0.00111046
0.06165 0.00106484
0.06175 0.000980272
0.06185 0.00104592
0.06195 0.001027
0.06205 0.00101254
0.06215 0.00103146
0.06225 0.00104481
0.06235 0.00104815
0.06245 0.00103813
0.06255 0.00099585
0.06265 0.00109822
0.06275 0.00103146
0.06285 0.000984723
0.06295 0.00105705
0.06305 0.0010704
0.06315 0.00107819
0.06325 0.000986948
0.06335 0.00103702
0.06345 0.000981385
0.06355 0.00100364
0.06365 0.000985836
0.06375 0.00102812
0.06385 0.00095468
0.06395 0.000965807
0.06405 0.000962469
0.06415 0.00104703
0.06425 0.000940216
0.06435 0.00096692
0.06445 0.000940216
0.06455 0.000940216
0.06465 0.000926863
0.06475 0.000946892
0.06485 0.000971371
0.06495 0.000926863
0.06505 0.000971371
0.06515 0.000960244
0.06525 0.000930202
0.06535 0.000942441
0.06545 0.000962469
0.06555 0.000984723
0.06565 0.000952455
0.06575 0.000958019
0.06585 0.000979159
0.06595 0.000872342
0.06605 0.00226208
0.06615 0.00233218
0.06625 0.00218419
0.06635 0.00221757
0.06645 0.00221201
0.06655 0.00224205
0.06665 0.00219755
0.06675 0.00224205
0.06685 0.00228322
0.06695 0.0021675
0.06705 0.000902384
0.06715 0.000903497
0.06725 0.000761074
0.06735 0.000841187
0.06745 0.000840074
0.06755 0.000804469
0.06765 0.000896821
0.06775 0.000833398
0.06785 0.000851201
0.06795 0.000815595
0.06805 0.00116275
0.06815 0.00118612
0.06825 0.00117499
0.06835 0.00121171
0.06845 0.00119613
0.06855 0.00122951
0.06865 0.00122061
0.06875 0.00121727
0.06885 0.00121616
0.06895 0.00113827
0.06905 0.000763299
0.06915 0.000778877
0.06925 0.000665383
0.06935 0.000707665
0.06945 0.000729919
0.06955 0.000715454
0.06965 0.000715454
0.06975 0.000737708
0.06985 0.000739933
0.06995 0.000758849
0.07005 0.000723243
0.07015 0.000793342
0.07025 0.000755511
0.07035 0.00065982
0.07045 0.000717679
0.07055 0.000697651
0.07065 0.000696538
0.07075 0.000711003
0.07085 0.000672059
0.07095 0.000675398
0.07105 0.000683186
0.07115 0.000717679
0.07125 0.000706553
0.07135 0.0006932
0.07145 0.000739933
0.07155 0.000686524
0.07165 0.0006932
0.07175 0.000708778
0.07185 0.000682074
0.07195 0.000703215
0.07205 0.000700989
0.07215 0.000723243
0.07225 0.0006932
0.07235 0.000702102
0.07245 0.000689862
0.07255 0.00065982
0.07265 0.000746609
0.07275 0.000640904
0.07285 0.00067651
0.07295 0.000708778
0.07305 0.000742158
0.07315 0.000677623
0.07325 0.000669834
0.07335 0.000662045
0.07345 0.000709891
0.07355 0.000694313
0.07365 0.000658707
0.07375 0.0006932
0.07385 0.000646468
0.07395 0.000623101
0.07405 0.000655369
0.07415 0.000665383
0.07425 0.000650919
0.07435 0.00067651
0.07445 0.00062644
0.07455 0.000645355
0.07465 0.000625327
0.07475 0.000640904
0.07485 0.000669834
0.07495 0.000679848
0.07505 0.000617538
0.07515 0.000636454
0.07525 0.000709891
0.07535 0.000620876
0.07545 0.000665383
0.07555 0.000584158
0.07565 0.000690975
0.07575 0.000625327
0.07585 0.000642017
0.07595 0.000576369
0.07605 0.000601961
0.07615 0.000625327
0.07625 0.000607524
0.07635 0.000604186
0.07645 0.000667609
0.07655 0.000594172
0.07665 0.000605299
0.07675 0.000608637
0.07685 0.000627552
0.07695 0.000611975
0.07705 0.000608637
0.07715 0.000636454
0.07725 0.000654257
0.07735 0.000596397
0.07745 0.000590834
0.07755 0.000625327
0.07765 0.000574144
0.07775 0.000606411
0.07785 0.000623101
0.07795 0.000600848
0.07805 0.000642017
0.07815 0.00056858
0.07825 0.000629778
0.07835 0.000573031
0.07845 0.00059751
0.07855 0.000581932
0.07865 0.00064758
0.07875 0.00056858
0.07885 0.000613087
0.07895 0.000574144
0.07905 0.00063089
0.07915 0.000604186
0.07925 0.000541876
0.07935 0.000583045
0.07945 0.000595284
0.07955 0.000559679
0.07965 0.000571918
0.07975 0.000563017
0.07985 0.000561904
0.07995 0.000527411
0.08005 0.000573031
0.08015 0.000573031
0.08025 0.000532974
0.08035 0.000591946
0.08045 0.000550777
0.08055 0.000574144
0.08065 0.000557453
0.08075 0.0005352
0.08085 0.000570805
0.08095 0.000553003
0.08105 0.000581932
0.08115 0.000594172
0.08125 0.000525186
0.08135 0.000577482
0.08145 0.00059751
0.08155 0.000561904
0.08165 0.000549665
0.08175 0.000538538
0.08185 0.000560791
0.08195 0.000556341
0.08205 0.000564129
0.08215 0.000527411
0.08225 0.000570805
0.08235 0.000537425
0.08245 0.000560791
0.08255 0.000549665
0.08265 0.00052296
0.08275 0.000566355
0.08285 0.000511833
0.08295 0.000527411
0.08305 0.000548552
0.08315 0.00053965
0.08325 0.00052296
0.08335 0.000528524
0.08345 0.000501819
0.08355 0.00055189
0.08365 0.000500707
0.08375 0.000557453
0.08385 0.000524073
0.08395 0.000534087
0.08405 0.000550777
0.08415 0.000578594
0.08425 0.000531862
0.08435 0.000548552
0.08445 0.000508495
0.08455 0.000509608
0.08465 0.000521847
0.08475 0.000557453
0.08485 0.000540763
0.08495 0.000525186
0.08505 0.000524073
0.08515 0.000532974
0.08525 0.000510721
0.08535 0.00055189
0.08545 0.000536312
0.08555 0.000519622
0.08565 0.000516284
0.08575 0.000548552
0.08585 0.00050627
0.08595 0.000525186
0.08605 0.000498481
0.08615 0.000526298
0.08625 0.000536312
0.08635 0.000502932
0.08645 0.000502932
0.08655 0.000485129
0.08665 0.000511833
0.08675 0.000484016
0.08685 0.000487354
0.08695 0.000532974
0.08705 0.000502932
0.08715 0.000445072
0.08725 0.000495143
0.08735 0.00043172
0.08745 0.000495143
0.08755 0.00049403
0.08765 0.000563017
0.08775 0.000480678
0.08785 0.000466213
0.08795 0.00044396
0.08805 0.000449523
0.08815 0.000476228
0.08825 0.000487354
0.08835 0.000475115
0.08845 0.000487354
0.08855 0.000432833
0.08865 0.000462875
0.08875 0.000471777
0.08885 0.000461763
0.08895 0.000438396
0.08905 0.000486242
0.08915 0.000462875
0.08925 0.000496256
0.08935 0.000438396
0.08945 0.000462875
0.08955 0.000480678
0.08965 0.000448411
0.08975 0.000466213
0.08985 0.000458425
0.08995 0.000451749
0.09005 0.000452861
0.09015 0.000504045
0.09025 0.000436171
0.09035 0.000423932
0.09045 0.000478453
0.09055 0.000480678
0.09065 0.000486242
0.09075 0.000455087
0.09085 0.000417255
0.09095 0.000432833
0.09105 0.000478453
0.09115 0.000429495
0.09125 0.000451749
0.09135 0.000439509
0.09145 0.000468439
0.09155 0.000461763
0.09165 0.000436171
0.09175 0.000451749
0.09185 0.000441734
0.09195 0.000468439
0.09205 0.000469551
0.09215 0.000442847
0.09225 0.000445072
0.09235 0.000425044
0.09245 0.000418368
0.09255 0.000407241
0.09265 0.000413917
0.09275 0.000422819
0.09285 0.000425044
0.09295 0.000387213
0.09305 0.000437284
0.09315 0.000449523
0.09325 0.00042727
0.09335 0.000422819
0.09345 0.000407241
0.09355 0.000436171
0.09365 0.000422819
0.09375 0.000393889
0.09385 0.00041503
0.09395 0.00038165
0.09405 0.000440622
0.09415 0.000400565
0.09425 0.000399453
0.09435 0.000406129
0.09445 0.000467326
0.09455 0.000426157
0.09465 0.00038165
0.09475 0.000429495
0.09485 0.000421706
0.09495 0.000396115
0.09505 0.000403903
0.09515 0.000382762
0.09525 0.000405016
0.09535 0.000390551
0.09545 0.000382762
0.09555 0.000400565
0.09565 0.000387213
0.09575 0.000417255
0.09585 0.000441734
0.09595 0.000366072
0.09605 0.000422819
0.09615 0.000411692
0.09625 0.000397227
0.09635 0.000389438
0.09645 0.000373861
0.09655 0.000396115
0.09665 0.000391664
0.09675 0.000396115
0.09685 0.000376086
0.09695 0.000382762
0.09705 0.000347157
0.09715 0.000395002
0.09725 0.00038165
0.09735 0.000408354
0.09745 0.000353833
0.09755 0.000348269
0.09765 0.000362734
0.09775 0.0003861
0.09785 0.000377199
0.09795 0.000402791
0.09805 0.000392776
0.09815 0.000400565
0.09825 0.000349382
0.09835 0.000374974
0.09845 0.000350495
0.09855 0.000366072
0.09865 0.000378312
0.09875 0.000384988
0.09885 0.000324903
0.09895 0.000391664
0.09905 0.000378312
0.09915 0.00035272
0.09925 0.000418368
0.09935 0.000304875
0.09945 0.000378312
0.09955 0.000377199
0.09965 0.000395002
0.09975 0.000380537
0.09985 0.000358283
0.09995 0.000357171
0.10005 0.000395002
0.10015 0.000363847
0.10025 0.00038165
0.10035 0.00035272
0.10045 0.000368297
0.10055 0.000384988
0.10065 0.000380537
0.10075 0.000379424
0.10085 0.000354945
0.10095 0.000348269
0.10105 0.000379424
0.10115 0.000359396
0.10125 0.000357171
0.10135 0.000337142
0.10145 0.00034048
0.10155 0.000342706
0.10165 0.000368297
0.10175 0.000368297
0.10185 0.000363847
0.10195 0.000321565
0.10205 0.000329354
0.10215 0.000358283
0.10225 0.000334917
0.10235 0.000372748
0.10245 0.000348269
0.10255 0.000334917
0.10265 0.000339368
0.10275 0.000350495
0.10285 0.000317114
0.10295 0.000362734
0.10305 0.000339368
0.10315 0.000346044
0.10325 0.000328241
0.10335 0.000351607
0.10345 0.00034048
0.10355 0.000327128
0.10365 0.000304875
0.10375 0.000350495
0.10385 0.000309325
0.10395 0.000378312
0.10405 0.000274832
0.10415 0.000367185
0.10425 0.000304875
0.10435 0.00032379
0.10445 0.000322678
0.10455 0.000322678
0.10465 0.000326016
0.10475 0.000309325
0.10485 0.000339368
0.10495 0.000299311
0.10505 0.000332692
0.10515 0.000309325
0.10525 0.000305987
0.10535 0.000333804
0.10545 0.000327128
0.10555 0.000309325
0.10565 0.000320452
0.10575 0.000309325
0.10585 0.000367185
0.10595 0.000316001
0.10605 0.00031934
0.10615 0.000322678
0.10625 0.000303762
0.10635 0.000305987
0.10645 0.000313776
0.10655 0.000311551
0.10665 0.000322678
0.10675 0.000334917
0.10685 0.000337142
0.10695 0.000308213
0.10705 0.000304875
0.10715 0.000314889
0.10725 0.000302649
0.10735 0.000318227
0.10745 0.000312663
0.10755 0.00031934
0.10765 0.000281508
0.10775 0.00029041
0.10785 0.000324903
0.10795 0.000326016
0.10805 0.000297086
0.10815 0.000300424
0.10825 0.000314889
0.10835 0.000289297
0.10845 0.000303762
0.10855 0.000343818
0.10865 0.000304875
0.10875 0.000328241
0.10885 0.000308213
0.10895 0.000302649
0.10905 0.00027817
0.10915 0.000309325
0.10925 0.000313776
0.10935 0.00029041
0.10945 0.000297086
0.10955 0.000289297
0.10965 0.000264818
0.10975 0.000287072
0.10985 0.000311551
0.10995 0.000313776
0.11005 0.000302649
0.11015 0.00027372
0.11025 0.000303762
0.11035 0.000309325
0.11045 0.000312663
0.11055 0.000292635
0.11065 0.000291522
0.11075 0.000284846
0.11085 0.000275945
0.11095 0.000268156
0.11105 0.000297086
0.11115 0.000277058
0.11125 0.000314889
0.11135 0.000317114
0.11145 0.000292635
0.11155 0.000272607
0.11165 0.000284846
0.11175 0.000285959
0.11185 0.000308213
0.11195 0.000257029
0.11205 0.000317114
0.11215 0.000279283
0.11225 0.000279283
0.11235 0.000271494
0.11245 0.000248128
0.11255 0.000281508
0.11265 0.00026148
0.11275 0.000258142
0.11285 0.000271494
0.11295 0.000300424
0.11305 0.000263705
0.11315 0.000248128
0.11325 0.000294861
0.11335 0.000267043
0.11345 0.000252579
0.11355 0.000270382
0.11365 0.00027372
0.11375 0.000264818
0.11385 0.000265931
0.11395 0.000264818
0.11405 0.000255917
0.11415 0.000221424
0.11425 0.000267043
0.11435 0.000258142
0.11445 0.000250353
0.11455 0.000226987
0.11465 0.000255917
0.11475 0.00023255
0.11485 0.000263705
0.11495 0.000263705
0.11505 0.000229212
0.11515 0.000241452
0.11525 0.000249241
0.11535 0.000247015
0.11545 0.000247015
0.11555 0.000243677
0.11565 0.000245903
0.11575 0.000220311
0.11585 0.000241452
0.11595 0.00024479
0.11605 0.000233663
0.11615 0.000242565
0.11625 0.00026148
0.11635 0.000250353
0.11645 0.000231438
0.11655 0.000234776
0.11665 0.000248128
0.11675 0.000237001
0.11685 0.000229212
0.11695 0.000263705
0.11705 0.000253691
0.11715 0.000238114
0.11725 0.000220311
0.11735 0.00024479
0.11745 0.000241452
0.11755 0.000212522
0.11765 0.000260367
0.11775 0.000242565
0.11785 0.000259255
0.11795 0.000259255
0.11805 0.0002281
0.11815 0.000218086
0.11825 0.00024479
0.11835 0.000265931
0.11845 0.000226987
0.11855 0.000252579
0.11865 0.000231438
0.11875 0.000234776
0.11885 0.000209184
0.11895 0.000253691
0.11905 0.000220311
0.11915 0.000260367
0.11925 0.00023255
0.11935 0.000194719
0.11945 0.000237001
0.11955 0.000252579
0.11965 0.000235888
0.11975 0.000220311
0.11985 0.000241452
0.11995 0.000243677
0.12005 0.000249241
0.12015 0.000214747
0.12025 0.000206959
0.12035 0.000237001
0.12045 0.000206959
0.12055 0.000239226
0.12065 0.00023255
0.12075 0.000214747
0.12085 0.000243677
0.12095 0.000231438
0.12105 0.000233663
0.12115 0.000205846
0.12125 0.000200283
0.12135 0.000176916
0.12145 0.000216973
0.12155 0.000188043
0.12165 0.000235888
0.12175 0.000233663
0.12185 0.000205846
0.12195 0.000229212
0.12205 0.000208071
0.12215 0.000229212
0.12225 0.000226987
0.12235 0.00024479
0.12245 0.000211409
0.12255 0.000192494
0.12265 0.000219198
0.12275 0.000206959
0.12285 0.000205846
0.12295 0.00019917
0.12305 0.00024479
0.12315 0.000214747
0.12325 0.000205846
0.12335 0.000208071
0.12345 0.00018248
0.12355 0.000188043
0.12365 0.000214747
0.12375 0.000209184
0.12385 0.000205846
0.12395 0.000192494
0.12405 0.000194719
0.12415 0.000222536
0.12425 0.000208071
0.12435 0.0002281
0.12445 0.000216973
0.12455 0.000203621
0.12465 0.000245903
0.12475 0.000213635
0.12485 0.000184705
0.12495 0.000204733
0.12505 0.000202508
0.12515 0.000221424
0.12525 0.000195832
0.12535 0.000196945
0.12545 0.000201395
0.12555 0.000192494
0.12565 0.000195832
0.12575 0.000214747
0.12585 0.000211409
0.12595 0.000205846
0.12605 0.000174691
0.12615 0.000198057
0.12625 0.000208071
0.12635 0.00021586
0.12645 0.000191381
0.12655 0.000195832
0.12665 0.000202508
0.12675 0.000196945
0.12685 0.000219198
0.12695 0.000202508
0.12705 0.000233663
0.12715 0.000189156
0.12725 0.000193607
0.12735 0.00019917
0.12745 0.00018248
0.12755 0.000205846
0.12765 0.000193607
0.12775 0.000175804
0.12785 0.000202508
0.12795 0.00018248
0.12805 0.00019917
0.12815 0.000202508
0.12825 0.000169128
0.12835 0.000216973
0.12845 0.000180254
0.12855 0.000176916
0.12865 0.000198057
0.12875 0.000158001
0.12885 0.000203621
0.12895 0.000196945
0.12905 0.00018693
0.12915 0.000209184
0.12925 0.000185818
0.12935 0.000209184
0.12945 0.000169128
0.12955 0.000156888
0.12965 0.000184705
0.12975 0.000158001
0.12985 0.000181367
0.12995 0.000181367
0.13005 0.000188043
0.13015 0.000179142
0.13025 0.000161339
0.13035 0.000159113
0.13045 0.000176916
0.13055 0.000192494
0.13065 0.00018693
0.13075 0.000172466
0.13085 0.000175804
0.13095 0.000194719
0.13105 0.000169128
0.13115 0.000152437
0.13125 0.000169128
0.13135 0.000188043
0.13145 0.000172466
0.13155 0.000192494
0.13165 0.000198057
0.13175 0.000171353
0.13185 0.000175804
0.13195 0.000183592
0.13205 0.000179142
0.13215 0.000183592
0.13225 0.000158001
0.13235 0.000164677
0.13245 0.000164677
0.13255 0.00018693
0.13265 0.000172466
0.13275 0.000184705
0.13285 0.000146874
0.13295 0.000172466
0.13305 0.00017024
0.13315 0.000155775
0.13325 0.000155775
0.13335 0.000155775
0.13345 0.000180254
0.13355 0.000178029
0.13365 0.000179142
0.13375 0.000161339
0.13385 0.000192494
0.13395 0.000168015
0.13405 0.000156888
0.13415 0.000168015
0.13425 0.000172466
0.13435 0.000141311
0.13445 0.000144649
0.13455 0.000142423
0.13465 0.000150212
0.13475 0.000181367
0.13485 0.000152437
0.13495 0.000151325
0.13505 0.000166902
0.13515 0.000160226
0.13525 0.000159113
0.13535 0.000155775
0.13545 0.000185818
0.13555 0.00013686
0.13565 0.000164677
0.13575 0.000149099
0.13585 0.000159113
0.13595 0.000160226
0.13605 0.000158001
0.13615 0.000150212
0.13625 0.000156888
0.13635 0.000154663
0.13645 0.000175804
0.13655 0.000162451
0.13665 0.000152437
0.13675 0.000151325
0.13685 0.000144649
0.13695 0.000163564
0.13705 0.000141311
0.13715 0.000142423
0.13725 0.000140198
0.13735 0.000146874
0.13745 0.00015355
0.13755 0.000137972
0.13765 0.000154663
0.13775 0.000152437
0.13785 0.000132409
0.13795 0.000171353
0.13805 0.00017024
0.13815 0.000149099
0.13825 0.000169128
0.13835 0.000139085
0.13845 0.000137972
0.13855 0.000150212
0.13865 0.000140198
0.13875 0.000149099
0.13885 0.000139085
0.13895 0.000130184
0.13905 0.000117944
0.13915 0.000141311
0.13925 0.000168015
0.13935 0.000145761
0.13945 0.000144649
0.13955 0.000122395
0.13965 0.00016579
0.13975 0.00013686
0.13985 0.000137972
0.13995 0.000116832
0.14005 0.000158001
0.14015 0.000149099
0.14025 0.000143536
0.14035 0.000147987
0.14045 0.000130184
0.14055 0.000149099
0.14065 0.000131296
0.14075 0.000151325
0.14085 0.000151325
0.14095 0.000132409
0.14105 0.000112381
0.14115 0.000163564
0.14125 0.000151325
0.14135 0.000146874
0.14145 0.000130184
0.14155 0.000149099
0.14165 0.000152437
0.14175 0.000121282
0.14185 0.000130184
0.14195 0.000137972
0.14205 0.000139085
0.14215 0.000149099
0.14225 0.000121282
0.14235 0.000133522
0.14245 0.000147987
0.14255 0.000144649
0.14265 0.00012462
0.14275 0.000119057
0.14285 0.000131296
0.14295 0.000149099
0.14305 0.000155775
0.14315 0.000139085
0.14325 0.000147987
0.14335 0.000142423
0.14345 0.000130184
0.14355 0.000129071
0.14365 0.000127958
0.14375 0.000106817
0.14385 0.000147987
0.14395 0.000132409
0.14405 0.000133522
0.14415 0.000129071
0.14425 0.000134634
0.14435 0.000126846
0.14445 0.000142423
0.14455 0.000127958
0.14465 0.000113493
0.14475 0.000141311
0.14485 0.000146874
0.14495 0.000117944
0.14505 0.000132409
0.14515 0.000125733
0.14525 0.000122395
0.14535 0.000143536
0.14545 0.000123508
0.14555 0.00012017
0.14565 0.000125733
0.14575 0.000132409
0.14585 0.000122395
0.14595 0.00012017
0.14605 0.000116832
0.14615 0.000126846
0.14625 0.000143536
0.14635 0.000130184
0.14645 0.000145761
0.14655 0.000131296
0.14665 0.000144649
0.14675 0.000112381
0.14685 0.000110155
0.14695 0.000117944
0.14705 0.000133522
0.14715 0.00012462
0.14725 0.000141311
0.14735 0.000131296
0.14745 0.000137972
0.14755 0.000146874
0.14765 0.000143536
0.14775 0.000119057
0.14785 0.000131296
0.14795 0.000135747
0.14805 0.000117944
0.14815 0.00013686
0.14825 0.000123508
0.14835 0.000105705
0.14845 0.000146874
0.14855 0.000127958
0.14865 0.00012462
0.14875 0.000137972
0.14885 0.000116832
0.14895 0.000131296
0.14905 0.000125733
0.14915 0.000121282
0.14925 0.00012017
0.14935 0.000122395
0.14945 0.000121282
0.14955 0.000106817
0.14965 0.000130184
0.14975 0.000122395
0.14985 0.00010793
0.14995 0.000111268
0.15005 0.000125733
0.15015 0.000130184
0.15025 0.000111268
0.15035 0.000111268
0.15045 0.000123508
0.15055 0.000130184
0.15065 9.45779e-05
0.15075 0.000119057
0.15085 0.000111268
0.15095 0.000106817
0.15105 0.000125733
0.15115 0.000123508
0.15125 0.000132409
0.15135 0.00012017
0.15145 0.000102367
0.15155 0.00012462
0.15165 9.45779e-05
0.15175 0.000115719
0.15185 0.000113493
0.15195 0.00012462
0.15205 9.56906e-05
0.15215 0.000115719
0.15225 8.12257e-05
0.15235 0.000112381
0.15245 0.00010793
0.15255 0.000121282
0.15265 0.000112381
0.15275 0.000115719
0.15285 0.00012462
0.15295 0.000105705
0.15305 0.000110155
0.15315 0.000102367
0.15325 0.000115719
0.15335 0.000100141
0.15345 0.000101254
0.15355 0.000135747
0.15365 0.000116832
0.15375 9.90286e-05
0.15385 0.000104592
0.15395 0.000119057
0.15405 9.12399e-05
0.15415 0.000100141
0.15425 0.000113493
0.15435 9.34652e-05
0.15445 0.000104592
0.15455 9.23525e-05
0.15465 0.000112381
0.15475 9.56906e-05
0.15485 0.000112381
0.15495 0.000115719
0.15505 0.000115719
0.15515 0.000105705
0.15525 8.67891e-05
0.15535 0.000111268
0.15545 0.000110155
0.15555 0.000105705
0.15565 9.45779e-05
0.15575 8.67891e-05
0.15585 0.000110155
0.15595 0.000133522
0.15605 0.000104592
0.15615 0.000106817
0.15625 0.000101254
0.15635 0.00010793
0.15645 0.000104592
0.15655 9.34652e-05
0.15665 0.000111268
0.15675 0.000106817
0.15685 9.23525e-05
0.15695 8.45638e-05
0.15705 0.000100141
0.15715 0.000106817
0.15725 8.23384e-05
0.15735 0.00010793
0.15745 9.90286e-05
0.15755 0.000102367
0.15765 0.000100141
0.15775 0.000103479
0.15785 9.12399e-05
0.15795 0.000106817
0.15805 8.0113e-05
0.15815 0.000110155
0.15825 8.34511e-05
0.15835 0.000109043
0.15845 0.000103479
0.15855 9.34652e-05
0.15865 0.000111268
0.15875 9.68033e-05
0.15885 0.000111268
0.15895 0.000106817
0.15905 0.000110155
0.15915 0.000104592
0.15925 8.90145e-05
0.15935 9.68033e-05
0.15945 8.45638e-05
0.15955 9.90286e-05
0.15965 8.23384e-05
0.15975 8.67891e-05
0.15985 0.00010793
0.15995 9.01272e-05
0.16005 0.000103479
0.16015 9.90286e-05
0.16025 9.12399e-05
0.16035 0.000101254
0.16045 8.90145e-05
0.16055 8.90145e-05
0.16065 9.79159e-05
0.16075 8.23384e-05
0.16085 0.000105705
0.16095 9.45779e-05
0.16105 9.01272e-05
0.16115 0.000102367
0.16125 0.000105705
0.16135 7.78877e-05
0.16145 0.000102367
0.16155 7.78877e-05
0.16165 9.79159e-05
0.16175 9.12399e-05
0.16185 9.45779e-05
0.16195 8.0113e-05
0.16205 8.79018e-05
0.16215 8.34511e-05
0.16225 7.90004e-05
0.16235 8.23384e-05
0.16245 9.90286e-05
0.16255 9.68033e-05
0.16265 9.01272e-05
0.16275 9.23525e-05
0.16285 8.90145e-05
0.16295 8.12257e-05
0.16305 8.45638e-05
0.16315 7.6775e-05
0.16325 9.34652e-05
0.16335 0.000111268
0.16345 7.78877e-05
0.16355 0.000106817
0.16365 8.67891e-05
0.16375 9.23525e-05
0.16385 8.90145e-05
0.16395 8.56765e-05
0.16405 9.01272e-05
0.16415 8.23384e-05
0.16425 8.0113e-05
0.16435 0.000102367
0.16445 7.90004e-05
0.16455 8.90145e-05
0.16465 8.12257e-05
0.16475 7.3437e-05
0.16485 0.000102367
0.16495 7.56623e-05
0.16505 7.90004e-05
0.16515 9.34652e-05
0.16525 7.78877e-05
0.16535 9.34652e-05
0.16545 8.0113e-05
0.16555 7.12116e-05
0.16565 8.12257e-05
0.16575 8.0113e-05
0.16585 8.12257e-05
0.16595 8.34511e-05
0.16605 8.45638e-05
0.16615 9.68033e-05
0.16625 9.12399e-05
0.16635 7.56623e-05
0.16645 9.23525e-05
0.16655 7.90004e-05
0.16665 7.78877e-05
0.16675 6.67609e-05
0.16685 6.45355e-05
0.16695 8.79018e-05
0.16705 9.68033e-05
0.16715 9.12399e-05
0.16725 8.56765e-05
0.16735 7.56623e-05
0.16745 8.0113e-05
0.16755 7.56623e-05
0.16765 7.3437e-05
0.16775 0.000103479
0.16785 7.3437e-05
0.16795 9.12399e-05
0.16805 8.12257e-05
0.16815 9.12399e-05
0.16825 7.56623e-05
0.16835 8.79018e-05
0.16845 8.79018e-05
0.16855 7.23243e-05
0.16865 9.01272e-05
0.16875 9.56906e-05
0.16885 8.12257e-05
0.16895 8.67891e-05
0.16905 9.12399e-05
0.16915 6.78736e-05
0.16925 8.12257e-05
0.16935 8.79018e-05
0.16945 8.67891e-05
0.16955 7.56623e-05
0.16965 8.45638e-05
0.16975 8.12257e-05
0.16985 7.90004e-05
0.16995 5.89721e-05
0.17005 7.23243e-05
0.17015 6.89862e-05
0.17025 8.12257e-05
0.17035 8.34511e-05
0.17045 7.78877e-05
0.17055 7.56623e-05
0.17065 7.00989e-05
0.17075 7.00989e-05
0.17085 8.23384e-05
0.17095 7.56623e-05
0.17105 7.6775e-05
0.17115 9.68033e-05
0.17125 9.01272e-05
0.17135 7.12116e-05
0.17145 6.56482e-05
0.17155 7.78877e-05
0.17165 6.89862e-05
0.17175 7.12116e-05
0.17185 7.12116e-05
0.17195 6.78736e-05
0.17205 8.12257e-05
0.17215 7.23243e-05
0.17225 7.90004e-05
0.17235 5.56341e-05
0.17245 6.11975e-05
0.17255 6.00848e-05
0.17265 6.34228e-05
0.17275 5.78594e-05
0.17285 6.56482e-05
0.17295 6.78736e-05
0.17305 8.79018e-05
0.17315 7.45496e-05
0.17325 7.12116e-05
0.17335 8.90145e-05
0.17345 7.6775e-05
0.17355 7.12116e-05
0.17365 8.67891e-05
0.17375 7.6775e-05
0.17385 6.78736e-05
0.17395 7.3437e-05
0.17405 7.3437e-05
0.17415 7.56623e-05
0.17425 7.78877e-05
0.17435 7.12116e-05
0.17445 5.78594e-05
0.17455 6.45355e-05
0.17465 8.12257e-05
0.17475 5.78594e-05
0.17485 7.6775e-05
0.17495 6.00848e-05
0.17505 7.12116e-05
0.17515 5.67467e-05
0.17525 6.56482e-05
0.17535 5.78594e-05
0.17545 6.34228e-05
0.17555 7.78877e-05
0.17565 7.45496e-05
0.17575 5.11833e-05
0.17585 6.89862e-05
0.17595 6.89862e-05
0.17605 6.67609e-05
0.17615 8.0113e-05
0.17625 4.78453e-05
0.17635 5.56341e-05
0.17645 7.23243e-05
0.17655 6.78736e-05
0.17665 6.45355e-05
0.17675 8.34511e-05
0.17685 6.00848e-05
0.17695 7.78877e-05
0.17705 5.11833e-05
0.17715 7.78877e-05
0.17725 7.6775e-05
0.17735 5.89721e-05
0.17745 6.78736e-05
0.17755 6.11975e-05
0.17765 7.3437e-05
0.17775 7.56623e-05
0.17785 7.12116e-05
0.17795 8.79018e-05
0.17805 6.11975e-05
0.17815 7.3437e-05
0.17825 7.3437e-05
0.17835 7.12116e-05
0.17845 7.78877e-05
0.17855 6.00848e-05
0.17865 6.23101e-05
0.17875 6.78736e-05
0.17885 7.12116e-05
0.17895 6.67609e-05
0.17905 6.67609e-05
0.17915 6.34228e-05
0.17925 7.3437e-05
0.17935 6.56482e-05
0.17945 6.45355e-05
0.17955 6.34228e-05
0.17965 5.34087e-05
0.17975 6.56482e-05
0.17985 5.45214e-05
0.17995 6.78736e-05
0.18005 6.89862e-05
0.18015 5.34087e-05
0.18025 5.78594e-05
0.18035 8.67891e-05
0.18045 6.34228e-05
0.18055 6.34228e-05
0.18065 6.00848e-05
0.18075 5.11833e-05
0.18085 5.11833e-05
0.18095 6.00848e-05
0.18105 6.00848e-05
0.18115 6.67609e-05
0.18125 7.12116e-05
0.18135 6.23101e-05
0.18145 6.23101e-05
0.18155 6.78736e-05
0.18165 6.23101e-05
0.18175 6.11975e-05
0.18185 6.45355e-05
0.18195 5.56341e-05
0.18205 8.12257e-05
0.18215 5.78594e-05
0.18225 5.89721e-05
0.18235 5.45214e-05
0.18245 7.45496e-05
0.18255 5.56341e-05
0.18265 7.23243e-05
0.18275 5.89721e-05
0.18285 5.34087e-05
0.18295 5.78594e-05
0.18305 4.8958e-05
0.18315 4.78453e-05
0.18325 6.45355e-05
0.18335 6.89862e-05
0.18345 5.89721e-05
0.18355 6.67609e-05
0.18365 6.34228e-05
0.18375 6.56482e-05
0.18385 4.8958e-05
0.18395 5.67467e-05
0.18405 5.67467e-05
0.18415 4.45072e-05
0.18425 5.78594e-05
0.18435 6.56482e-05
0.18445 5.56341e-05
0.18455 4.67326e-05
0.18465 6.23101e-05
0.18475 6.67609e-05
0.18485 6.67609e-05
0.18495 5.34087e-05
0.18505 4.33946e-05
0.18515 4.78453e-05
0.18525 5.56341e-05
0.18535 6.11975e-05
0.18545 6.11975e-05
0.18555 6.23101e-05
0.18565 5.89721e-05
0.18575 5.67467e-05
0.18585 5.56341e-05
0.18595 5.45214e-05
0.18605 4.67326e-05
0.18615 6.00848e-05
0.18625 6.00848e-05
0.18635 5.89721e-05
0.18645 5.56341e-05
0.18655 5.45214e-05
0.18665 5.45214e-05
0.18675 4.78453e-05
0.18685 5.78594e-05
0.18695 4.8958e-05
0.18705 5.78594e-05
0.18715 4.67326e-05
0.18725 5.78594e-05
0.18735 4.56199e-05
0.18745 4.45072e-05
0.18755 5.2296e-05
0.18765 4.56199e-05
0.18775 6.45355e-05
0.18785 5.11833e-05
0.18795 4.56199e-05
0.18805 5.00707e-05
0.18815 5.34087e-05
0.18825 6.45355e-05
0.18835 4.8958e-05
0.18845 5.45214e-05
0.18855 6.78736e-05
0.18865 5.45214e-05
0.18875 6.56482e-05
0.18885 5.45214e-05
0.18895 3.78312e-05
0.18905 4.8958e-05
0.18915 4.22819e-05
0.18925 5.00707e-05
0.18935 5.00707e-05
0.18945 5.56341e-05
0.18955 5.34087e-05
0.18965 6.11975e-05
0.18975 7.12116e-05
0.18985 5.00707e-05
0.18995 4.78453e-05
0.19005 6.23101e-05
0.19015 4.67326e-05
0.19025 5.11833e-05
0.19035 4.78453e-05
0.19045 5.78594e-05
0.19055 5.00707e-05
0.19065 5.45214e-05
0.19075 5.00707e-05
0.19085 4.78453e-05
0.19095 6.11975e-05
0.19105 4.22819e-05
0.19115 4.78453e-05
0.19125 4.56199e-05
0.19135 5.67467e-05
0.19145 4.67326e-05
0.19155 4.56199e-05
0.19165 6.11975e-05
0.19175 4.78453e-05
0.19185 6.00848e-05
0.19195 4.8958e-05
0.19205 5.67467e-05
0.19215 5.00707e-05
0.19225 6.11975e-05
0.19235 4.45072e-05
0.19245 5.56341e-05
0.19255 4.45072e-05
0.19265 5.00707e-05
0.19275 5.78594e-05
0.19285 4.45072e-05
0.19295 5.00707e-05
0.19305 3.44931e-05
0.19315 4.78453e-05
0.19325 5.45214e-05
0.19335 4.56199e-05
0.19345 5.34087e-05
0.19355 4.11692e-05
0.19365 5.34087e-05
0.19375 4.45072e-05
0.19385 5.34087e-05
0.19395 5.2296e-05
0.19405 5.45214e-05
0.19415 4.11692e-05
0.19425 4.22819e-05
0.19435 4.56199e-05
0.19445 5.11833e-05
0.19455 4.45072e-05
0.19465 4.22819e-05
0.19475 4.11692e-05
0.19485 4.33946e-05
0.19495 5.11833e-05
0.19505 3.00424e-05
0.19515 3.67185e-05
0.19525 5.78594e-05
0.19535 4.11692e-05
0.19545 4.11692e-05
0.19555 4.22819e-05
0.19565 5.45214e-05
0.19575 5.78594e-05
0.19585 5.11833e-05
0.19595 5.45214e-05
0.19605 5.67467e-05
0.19615 4.33946e-05
0.19625 3.11551e-05
0.19635 4.56199e-05
0.19645 4.11692e-05
0.19655 4.33946e-05
0.19665 5.67467e-05
0.19675 4.67326e-05
0.19685 4.8958e-05
0.19695 4.78453e-05
0.19705 5.2296e-05
0.19715 4.8958e-05
0.19725 4.00565e-05
0.19735 4.22819e-05
0.19745 4.11692e-05
0.19755 5.45214e-05
0.19765 6.11975e-05
0.19775 4.22819e-05
0.19785 4.33946e-05
0.19795 4.56199e-05
0.19805 4.56199e-05
0.19815 3.56058e-05
0.19825 3.67185e-05
0.19835 4.56199e-05
0.19845 3.44931e-05
0.19855 4.56199e-05
0.19865 4.11692e-05
0.19875 3.67185e-05
0.19885 4.8958e-05
0.19895 4.11692e-05
0.19905 5.78594e-05
0.19915 4.8958e-05
0.19925 4.00565e-05
0.19935 4.67326e-05
0.19945 4.00565e-05
0.19955 3.56058e-05
0.19965 4.56199e-05
0.19975 3.78312e-05
0.19985 3.44931e-05
0.19995 5.00707e-05
0.20005 4.56199e-05
0.20015 4.33946e-05
0.20025 4.45072e-05
0.20035 4.00565e-05
0.20045 4.67326e-05
0.20055 5.2296e-05
0.20065 3.89438e-05
0.20075 4.56199e-05
0.20085 5.00707e-05
0.20095 3.89438e-05
0.20105 3.56058e-05
0.20115 4.33946e-05
0.20125 4.45072e-05
0.20135 4.78453e-05
0.20145 3.22678e-05
0.20155 3.11551e-05
0.20165 4.67326e-05
0.20175 3.56058e-05
0.20185 4.56199e-05
0.20195 5.00707e-05
0.20205 4.00565e-05
0.20215 3.44931e-05
0.20225 4.00565e-05
0.20235 4.8958e-05
0.20245 3.78312e-05
0.20255 3.33804e-05
0.20265 4.33946e-05
0.20275 3.67185e-05
0.20285 4.45072e-05
0.20295 5.2296e-05
0.20305 3.67185e-05
0.20315 4.8958e-05
0.20325 4.00565e-05
0.20335 4.11692e-05
0.20345 3.56058e-05
0.20355 4.78453e-05
0.20365 3.67185e-05
0.20375 3.89438e-05
0.20385 3.67185e-05
0.20395 3.11551e-05
0.20405 3.78312e-05
0.20415 3.44931e-05
0.20425 3.33804e-05
0.20435 4.22819e-05
0.20445 3.22678e-05
0.20455 2.7817e-05
0.20465 3.44931e-05
0.20475 2.89297e-05
0.20485 2.89297e-05
0.20495 3.89438e-05
0.20505 3.33804e-05
0.20515 4.00565e-05
0.20525 3.67185e-05
0.20535 4.00565e-05
0.20545 4.56199e-05
0.20555 3.11551e-05
0.20565 3.33804e-05
0.20575 4.22819e-05
0.20585 3.89438e-05
0.20595 3.67185e-05
0.20605 4.22819e-05
0.20615 3.33804e-05
0.20625 4.11692e-05
0.20635 4.11692e-05
0.20645 3.67185e-05
0.20655 4.00565e-05
0.20665 3.67185e-05
0.20675 3.56058e-05
0.20685 2.7817e-05
0.20695 4.00565e-05
0.20705 3.44931e-05
0.20715 3.22678e-05
0.20725 3.33804e-05
0.20735 3.33804e-05
0.20745 2.89297e-05
0.20755 3.89438e-05
0.20765 4.67326e-05
0.20775 3.44931e-05
0.20785 2.22536e-05
0.20795 3.33804e-05
0.20805 4.22819e-05
0.20815 4.00565e-05
0.20825 4.22819e-05
0.20835 2.67043e-05
0.20845 3.44931e-05
0.20855 4.67326e-05
0.20865 2.4479e-05
0.20875 4.56199e-05
0.20885 3.44931e-05
0.20895 3.56058e-05
0.20905 3.56058e-05
0.20915 2.55917e-05
0.20925 3.00424e-05
0.20935 3.22678e-05
0.20945 3.22678e-05
0.20955 3.56058e-05
0.20965 3.33804e-05
0.20975 2.55917e-05
0.20985 4.00565e-05
0.20995 3.11551e-05
0.21005 3.67185e-05
0.21015 3.33804e-05
0.21025 3.11551e-05
0.21035 3.44931e-05
0.21045 3.56058e-05
0.21055 4.45072e-05
0.21065 2.67043e-05
0.21075 3.89438e-05
0.21085 2.89297e-05
0.21095 2.89297e-05
0.21105 3.67185e-05
0.21115 2.7817e-05
0.21125 2.11409e-05
0.21135 3.33804e-05
0.21145 3.89438e-05
0.21155 2.55917e-05
0.21165 2.67043e-05
0.21175 3.56058e-05
0.21185 4.33946e-05
0.21195 3.78312e-05
0.21205 2.67043e-05
0.21215 2.7817e-05
0.21225 2.67043e-05
0.21235 3.00424e-05
0.21245 2.4479e-05
0.21255 2.67043e-05
0.21265 2.67043e-05
0.21275 1.89156e-05
0.21285 3.00424e-05
0.21295 2.67043e-05
0.21305 2.4479e-05
0.21315 3.00424e-05
0.21325 2.22536e-05
0.21335 3.00424e-05
0.21345 3.11551e-05
0.21355 2.89297e-05
0.21365 2.67043e-05
0.21375 3.67185e-05
0.21385 2.7817e-05
0.21395 3.78312e-05
0.21405 2.22536e-05
0.21415 3.44931e-05
0.21425 2.67043e-05
0.21435 2.11409e-05
0.21445 1.89156e-05
0.21455 2.67043e-05
0.21465 2.33663e-05
0.21475 2.11409e-05
0.21485 2.89297e-05
0.21495 2.55917e-05
0.21505 2.7817e-05
0.21515 2.11409e-05
0.21525 3.44931e-05
0.21535 2.11409e-05
0.21545 2.67043e-05
0.21555 3.22678e-05
0.21565 3.44931e-05
0.21575 3.22678e-05
0.21585 3.22678e-05
0.21595 2.7817e-05
0.21605 2.4479e-05
0.21615 2.55917e-05
0.21625 3.00424e-05
0.21635 4.22819e-05
0.21645 2.55917e-05
0.21655 2.11409e-05
0.21665 2.4479e-05
0.21675 2.00283e-05
0.21685 2.67043e-05
0.21695 1.89156e-05
0.21705 3.67185e-05
0.21715 3.22678e-05
0.21725 3.00424e-05
0.21735 2.67043e-05
0.21745 2.67043e-05
0.21755 2.7817e-05
0.21765 1.78029e-05
0.21775 2.7817e-05
0.21785 1.66902e-05
0.21795 3.44931e-05
0.21805 2.33663e-05
0.21815 3.33804e-05
0.21825 2.00283e-05
0.21835 1.78029e-05
0.21845 2.67043e-05
0.21855 2.55917e-05
0.21865 2.67043e-05
0.21875 3.33804e-05
0.21885 2.4479e-05
0.21895 2.11409e-05
0.21905 3.22678e-05
0.21915 2.33663e-05
0.21925 2.33663e-05
0.21935 2.67043e-05
0.21945 2.67043e-05
0.21955 1.22395e-05
0.21965 1.44649e-05
0.21975 1.66902e-05
0.21985 1.78029e-05
0.21995 2.67043e-05
0.22005 1.89156e-05
0.22015 2.4479e-05
0.22025 3.00424e-05
0.22035 2.4479e-05
0.22045 2.22536e-05
0.22055 2.55917e-05
0.22065 2.22536e-05
0.22075 1.89156e-05
0.22085 2.4479e-05
0.22095 2.00283e-05
0.22105 2.89297e-05
0.22115 2.89297e-05
0.22125 1.44649e-05
0.22135 1.55775e-05
0.22145 1.78029e-05
0.22155 1.44649e-05
0.22165 2.89297e-05
0.22175 2.7817e-05
0.22185 2.11409e-05
0.22195 3.00424e-05
0.22205 2.7817e-05
0.22215 2.89297e-05
0.22225 2.67043e-05
0.22235 3.11551e-05
0.22245 2.7817e-05
0.22255 2.7817e-05
0.22265 2.00283e-05
0.22275 1.00141e-05
0.22285 2.89297e-05
0.22295 2.22536e-05
0.22305 2.55917e-05
0.22315 2.33663e-05
0.22325 1.66902e-05
0.22335 2.7817e-05
0.22345 2.11409e-05
0.22355 2.55917e-05
0.22365 2.22536e-05
0.22375 2.33663e-05
0.22385 2.89297e-05
0.22395 2.22536e-05
0.22405 1.78029e-05
0.22415 2.22536e-05
0.22425 2.00283e-05
0.22435 3.00424e-05
0.22445 1.89156e-05
0.22455 2.67043e-05
0.22465 2.22536e-05
0.22475 2.22536e-05
0.22485 2.67043e-05
0.22495 2.11409e-05
0.22505 2.55917e-05
0.22515 1.89156e-05
0.22525 1.89156e-05
0.22535 1.66902e-05
0.22545 2.4479e-05
0.22555 2.33663e-05
0.22565 2.11409e-05
0.22575 1.44649e-05
0.22585 1.66902e-05
0.22595 1.66902e-05
0.22605 1.33522e-05
0.22615 2.11409e-05
0.22625 1.22395e-05
0.22635 2.00283e-05
0.22645 2.22536e-05
0.22655 2.11409e-05
0.22665 1.33522e-05
0.22675 2.22536e-05
0.22685 1.55775e-05
0.22695 2.00283e-05
0.22705 2.11409e-05
0.22715 1.89156e-05
0.22725 3.11551e-05
0.22735 2.11409e-05
0.22745 2.22536e-05
0.22755 1.78029e-05
0.22765 2.00283e-05
0.22775 2.11409e-05
0.22785 2.11409e-05
0.22795 2.33663e-05
0.22805 2.33663e-05
0.22815 1.89156e-05
0.22825 1.78029e-05
0.22835 1.78029e-05
0.22845 1.89156e-05
0.22855 2.11409e-05
0.22865 1.66902e-05
0.22875 1.55775e-05
0.22885 1.78029e-05
0.22895 3.22678e-05
0.22905 1.78029e-05
0.22915 1.00141e-05
0.22925 1.55775e-05
0.22935 1.33522e-05
0.22945 1.55775e-05
0.22955 1.55775e-05
0.22965 1.55775e-05
0.22975 2.00283e-05
0.22985 1.22395e-05
0.22995 1.78029e-05
0.23005 2.00283e-05
0.23015 2.00283e-05
0.23025 1.44649e-05
0.23035 1.44649e-05
0.23045 1.66902e-05
0.23055 2.33663e-05
0.23065 1.00141e-05
0.23075 1.22395e-05
0.23085 1.89156e-05
0.23095 1.89156e-05
0.23105 1.33522e-05
0.23115 1.89156e-05
0.23125 1.78029e-05
0.23135 1.22395e-05
0.23145 2.11409e-05
0.23155 1.22395e-05
0.23165 2.11409e-05
0.23175 1.55775e-05
0.23185 2.11409e-05
0.23195 1.66902e-05
0.23205 8.90145e-06
0.23215 1.55775e-05
0.23225 1.33522e-05
0.23235 1.44649e-05
0.23245 1.78029e-05
0.23255 7.78877e-06
0.23265 1.11268e-05
0.23275 1.66902e-05
0.23285 1.44649e-05
0.23295 1.00141e-05
0.23305 1.33522e-05
0.23315 1.44649e-05
0.23325 7.78877e-06
0.23335 1.89156e-05
0.23345 1.66902e-05
0.23355 7.78877e-06
0.23365 2.11409e-05
0.23375 1.78029e-05
0.23385 1.78029e-05
0.23395 1.11268e-05
0.23405 1.11268e-05
0.23415 8.90145e-06
0.23425 1.22395e-05
0.23435 1.33522e-05
0.23445 5.56341e-06
0.23455 1.33522e-05
0.23465 1.11268e-05
0.23475 2.22536e-05
0.23485 1.33522e-05
0.23495 1.33522e-05
0.23505 1.89156e-05
0.23515 1.11268e-05
0.23525 1.66902e-05
0.23535 2.11409e-05
0.23545 2.11409e-05
0.23555 1.11268e-05
0.23565 1.11268e-05
0.23575 1.11268e-05
0.23585 6.67609e-06
0.23595 1.33522e-05
0.23605 1.44649e-05
0.23615 1.66902e-05
0.23625 1.55775e-05
0.23635 1.66902e-05
0.23645 1.33522e-05
0.23655 1.22395e-05
0.23665 1.33522e-05
0.23675 1.44649e-05
0.23685 1.44649e-05
0.23695 1.66902e-05
0.23705 1.00141e-05
0.23715 1.00141e-05
0.23725 6.67609e-06
0.23735 1.22395e-05
0.23745 1.00141e-05
0.23755 8.90145e-06
0.23765 7.78877e-06
0.23775 1.33522e-05
0.23785 6.67609e-06
0.23795 2.22536e-06
0.23805 1.00141e-05
0.23815 7.78877e-06
0.23825 6.67609e-06
0.23835 7.78877e-06
0.23845 1.22395e-05
0.23855 1.11268e-05
0.23865 1.55775e-05
0.23875 1.33522e-05
0.23885 1.11268e-05
0.23895 1.11268e-05
0.23905 1.22395e-05
0.23915 1.11268e-05
0.23925 1.11268e-05
0.23935 5.56341e-06
0.23945 1.11268e-05
0.23955 1.33522e-05
0.23965 1.00141e-05
0.23975 1.33522e-05
0.23985 5.56341e-06
0.23995 6.67609e-06
0.24005 1.00141e-05
0.24015 7.78877e-06
0.24025 4.45072e-06
0.24035 7.78877e-06
0.24045 8.90145e-06
0.24055 8.90145e-06
0.24065 8.90145e-06
0.24075 1.11268e-05
0.24085 8.90145e-06
0.24095 1.11268e-05
0.24105 5.56341e-06
0.24115 2.22536e-06
0.24125 1.00141e-05
0.24135 5.56341e-06
0.24145 1.11268e-05
0.24155 1.00141e-05
0.24165 8.90145e-06
0.24175 7.78877e-06
0.24185 1.00141e-05
0.24195 6.67609e-06
0.24205 4.45072e-06
0.24215 5.56341e-06
0.24225 5.56341e-06
0.24235 6.67609e-06
0.24245 4.45072e-06
0.24255 1.00141e-05
0.24265 7.78877e-06
0.24275 1.33522e-05
0.24285 5.56341e-06
0.24295 1.22395e-05
0.24305 1.11268e-05
0.24315 8.90145e-06
0.24325 1.22395e-05
0.24335 3.33804e-06
0.24345 1.00141e-05
0.24355 4.45072e-06
0.24365 8.90145e-06
0.24375 4.45072e-06
0.24385 1.00141e-05
0.24395 5.56341e-06
0.24405 7.78877e-06
0.24415 8.90145e-06
0.24425 1.11268e-05
0.24435 8.90145e-06
0.24445 4.45072e-06
0.24455 8.90145e-06
0.24465 7.78877e-06
0.24475 2.22536e-06
0.24485 4.45072e-06
0.24495 8.90145e-06
0.24505 4.45072e-06
0.24515 3.33804e-06
0.24525 5.56341e-06
0.24535 5.56341e-06
0.24545 7.78877e-06
0.24555 1.11268e-05
0.24565 8.90145e-06
0.24575 1.11268e-06
0.24585 7.78877e-06
0.24595 5.56341e-06
0.24605 4.45072e-06
0.24615 8.90145e-06
0.24625 3.33804e-06
0.24635 2.22536e-06
0.24645 2.22536e-06
0.24655 2.22536e-06
0.24665 3.33804e-06
0.24675 2.22536e-06
0.24685 7.78877e-06
0.24695 4.45072e-06
0.24705 3.33804e-06
0.24715 3.33804e-06
0.24725 5.56341e-06
0.24735 5.56341e-06
0.24745 3.33804e-06
0.24755 1.11268e-06
0.24765 4.45072e-06
0.24775 1.11268e-06
0.24785 2.22536e-06
0.24795 0
0.24805 2.22536e-06
0.24815 0
0.24825 3.33804e-06
0.24835 0
0.24845 0
0.24855 4.45072e-06
0.24865 0
0.24875 2.22536e-06
0.24885 0
0.24895 2.22536e-06
0.24905 0
0.24915 0
0.24925 0
0.24935 0
0.24945 0
0.24955 0
0.24965 0
0.24975 0
0.24985 0
0.24995 0
